-3.95416518 -8.32713935 -5.89012039
-21.71255978 -38.12463868  -1.98204547
-21.51598982 -33.03539474  -1.61411555
-15.93587995 -33.19266974  -1.83275054
-10.35577007 -33.34994474  -2.05138554
-15.73930991 -28.10342391  -1.46482048
-15.54273992 -23.01417902  -1.09689049
 -9.96263004 -23.17145402  -1.31552549
 -4.38252017 -23.32872901  -1.53416048
-15.34616992 -17.92493413  -0.7289605 
 -9.76606005 -18.08220913  -0.9475955 
 -4.18595017 -18.23948413  -1.16623049
 -9.56949005 -12.99296424  -0.5796655 
 -3.98938018 -13.15023924  -0.7983005 
-9.37292006 -7.90371936 -0.21173551
-3.79281018 -8.06099435 -0.43037051
-9.17635006 -2.81447447  0.15619448
-3.59624019 -2.97174947 -0.06244052
-15.97109488 -38.01576864   3.25907043
-21.3546348  -32.7692497    3.84563535
-15.77452492 -32.9265247    3.62700035
-10.19441505 -33.08379969   3.40836535
-21.15806476 -27.68000387   4.21356541
-15.57795489 -27.83727886   3.99493041
 -9.99784501 -27.99455386   3.77629542
-20.96149477 -22.59075898   4.5814954 
-15.38138489 -22.74803398   4.3628604 
 -9.80127502 -22.90530897   4.14422541
 -4.22116514 -23.06258397   3.92559041
-20.76492477 -17.50151409   4.94942539
-15.1848149  -17.65878909   4.73079039
 -9.60470502 -17.81606409   4.5121554 
 -4.02459515 -17.97333908   4.2935204 
-14.9882449  -12.5695442    5.09872039
 -9.40813503 -12.7268192    4.88008539
 -3.82802515 -12.8840942    4.6614504 
-14.79167491  -7.48029932   5.46665038
-9.21156503 -7.63757431  5.24801538
-3.63145516 -7.79484931  5.02938039
-9.01499504 -2.54832943  5.61594537
-3.43488516 -2.70560443  5.39731038
-21.19327983 -32.50310476   9.30538421
-15.61316995 -32.66037975   9.08674921
-10.03306008 -32.81765475   8.86811422
-20.9967098  -27.41385892   9.67331427
-15.41659992 -27.57113392   9.45467927
 -9.83649005 -27.72840892   9.23604428
-20.8001398  -22.32461404  10.04124426
-15.22002993 -22.48188903   9.82260926
 -9.63992005 -22.63916403   9.60397427
 -4.05981018 -22.79643903   9.38533927
-20.60356981 -17.23536915  10.40917425
-15.02345993 -17.39264415  10.19053925
 -9.44335006 -17.54991914   9.97190426
 -3.86324018 -17.70719414   9.75326926
-14.82688994 -12.30339926  10.55846925
 -9.24678006 -12.46067426  10.33983425
 -3.66667018 -12.61794925  10.12119926
-14.63031994  -7.21415437  10.92639924
 -9.05021006  -7.37142937  10.70776424
 -3.47010019  -7.52870437  10.48912925
 -8.85364007  -2.28218448  11.07569424
-20.83535477 -27.14771388  15.13306516
-15.2552449  -27.30498888  14.91443017
 -9.67513502 -27.46226387  14.69579517
-15.0586749  -22.21574399  15.28236016
 -9.47856502 -22.37301899  15.06372516
-14.8621049  -17.1264991   15.65029015
 -9.28199503 -17.2837741   15.43165515
-14.66553491 -12.03725422  16.01822014
 -9.08542503 -12.19452921  15.79958515
 -8.88885504  -7.10528433  16.16751514
 1.6259447  -8.48441435 -6.10875538
 11.96466943 -33.97904472  -2.92592552
 17.5447793  -34.13631972  -3.14456052
 23.12488918 -34.29359472  -3.36319551
 12.16123946 -28.88979889  -2.55799546
  6.77769958 -23.64327901  -1.97143047
 12.35780946 -23.800554    -2.19006547
 17.93791933 -23.957829    -2.40870046
  1.3941597  -18.39675912  -1.38486549
  6.97426958 -18.55403412  -1.60350048
 12.55437945 -18.71130912  -1.82213548
  1.5907297  -13.30751424  -1.01693549
  7.17083957 -13.46478923  -1.23557049
 12.75094945 -13.62206423  -1.45420548
 1.78729969 -8.21826935 -0.6490055 
 7.36740957 -8.37554435 -0.8676405 
 1.98386969 -3.12902447 -0.28107551
  6.54591458 -33.55562468   2.75246037
 12.12602446 -33.71289968   2.53382537
 17.70613433 -33.87017468   2.31519038
  6.74248461 -28.46637885   3.12039043
 12.32259449 -28.62365385   2.90175543
 17.90270436 -28.78092884   2.68312044
  1.35894473 -23.21985897   3.70695542
  6.93905461 -23.37713396   3.48832042
 12.51916448 -23.53440896   3.26968543
 18.09927436 -23.69168396   3.05105043
  1.55551473 -18.13061408   4.07488541
  7.1356246  -18.28788908   3.85625041
 12.71573448 -18.44516407   3.63761542
  1.75208472 -13.04136919   4.4428154 
  7.3321946  -13.19864419   4.22418041
 12.91230447 -13.35591919   4.00554541
 1.94865472 -7.95212431  4.81074539
 7.5287646 -8.1093993  4.5921104
 13.10887447  -8.2666743    4.3734754 
 2.14522472 -2.86287942  5.17867538
 7.72533459 -3.02015442  4.96004039
  6.70726955 -33.28947974   8.21220923
 12.28737942 -33.44675474   7.99357424
 17.8674893  -33.60402973   7.77493924
  6.90383958 -28.2002339    8.58013929
 12.48394945 -28.3575089    8.3615043 
 18.06405933 -28.5147839    8.1428693 
  1.5202997  -22.95371402   9.16670428
  7.10040957 -23.11098902   8.94806928
 12.68051945 -23.26826401   8.72943429
 18.26062933 -23.42553901   8.51079929
  1.71686969 -17.86446914   9.53463427
  7.29697957 -18.02174413   9.31599927
 12.87708945 -18.17901913   9.09736428
  1.91343969 -12.77522425   9.90256426
  7.49354957 -12.93249925   9.68392927
 13.07365944 -13.08977424   9.46529427
  2.11000969  -7.68597936  10.27049425
  7.69011956  -7.84325436  10.05185926
 13.27022944  -8.00052936   9.83322426
  2.30657968  -2.59673448  10.63842424
  7.88668956  -2.75400947  10.41978925
  7.06519461 -27.93408886  14.03989019
 12.64530448 -28.09136386  13.82125519
 18.22541436 -28.24863885  13.6026202 
  7.2617646  -22.84484397  14.40782018
 12.84187448 -23.00211897  14.18918518
  7.4583346  -17.75559909  14.77575017
 13.03844447 -17.91287409  14.55711517
  7.65490459 -12.6663542   15.14368016
 13.23501447 -12.8236292   14.92504517
  7.85147459  -7.57710932  15.51161015
